0 0.471191 0.520996 0.0751953 0.110352 0.283489
0 0.0136719 0.299805 0.0273438 0.0683594 0.438651
0 0.351074 0.987793 0.0595703 0.0244141 0.457499
0 0.986328 0.509766 0.0273438 0.0703125 0.495714
0 0.179199 0.98877 0.0849609 0.0224609 0.504884
0 0.271484 0.987793 0.0742188 0.0244141 0.555506
0 0.155273 0.0263672 0.123047 0.0507812 0.670413
0 0.454102 0.504395 0.0566406 0.0693359 0.679065
0 0.980469 0.611328 0.0390625 0.0839844 0.706541
0 0.820801 0.742188 0.102539 0.0878906 0.710847
0 0.485352 0.972656 0.103516 0.0546875 0.724705
0 0.161621 0.0683594 0.102539 0.0761719 0.753173
0 0.500488 0.043457 0.0712891 0.0712891 0.757985
0 0.0541992 0.0356445 0.106445 0.0712891 0.767584
0 0.469238 0.0981445 0.106445 0.0771484 0.768936
0 0.754883 0.192871 0.0859375 0.0927734 0.776384
0 0.921387 0.907227 0.0712891 0.09375 0.781294
0 0.949219 0.791992 0.0878906 0.0898438 0.790489
0 0.271484 0.0258789 0.0859375 0.0517578 0.798973
0 0.959961 0.682129 0.0761719 0.100586 0.800347
0 0.159668 0.856445 0.0830078 0.0703125 0.801505
0 0.487793 0.547852 0.0751953 0.130859 0.802413
0 0.172852 0.607422 0.140625 0.0800781 0.80402
0 0.043457 0.770996 0.0869141 0.106445 0.811201
0 0.517578 0.387695 0.119141 0.0917969 0.813171
0 0.42041 0.818848 0.0732422 0.0869141 0.813658
0 0.921387 0.0908203 0.106445 0.0917969 0.815128
0 0.760254 0.908691 0.0966797 0.0908203 0.819056
0 0.57373 0.903809 0.108398 0.116211 0.824935
0 0.0512695 0.928223 0.102539 0.0810547 0.838657
