0 0.0214844 0.257324 0.0429688 0.0849609 0.418838
0 0.0253906 0.54248 0.0488281 0.0654297 0.424799
0 0.708496 0.0864258 0.0791016 0.0810547 0.527211
0 0.0390625 0.435547 0.0664062 0.0605469 0.572752
0 0.0830078 0.29834 0.0664062 0.0673828 0.572964
0 0.461914 0.977539 0.0761719 0.0449219 0.583405
0 0.497559 0.859863 0.0673828 0.0712891 0.586346
0 0.495605 0.564453 0.0751953 0.0859375 0.596251
0 0.538086 0.731934 0.0996094 0.0693359 0.597295
0 0.685059 0.109863 0.0830078 0.0810547 0.613135
0 0.937012 0.595215 0.0810547 0.0888672 0.613349
0 0.741211 0.499023 0.0625 0.0722656 0.617971
0 0.583984 0.771484 0.0839844 0.0878906 0.63131
0 0.151367 0.941406 0.0917969 0.0761719 0.641607
0 0.554199 0.966309 0.133789 0.0673828 0.66576
0 0.439453 0.535645 0.0820312 0.0908203 0.671362
0 0.413086 0.89209 0.0996094 0.106445 0.674887
0 0.175293 0.619141 0.0595703 0.0566406 0.681402
0 0.874023 0.86084 0.0722656 0.0654297 0.69665
0 0.411133 0.246582 0.0859375 0.0810547 0.697334
0 0.789062 0.98291 0.121094 0.0341797 0.700381
0 0.139648 0.246094 0.0878906 0.0722656 0.700754
0 0.70166 0.416016 0.104492 0.0722656 0.714997
0 0.0317383 0.955566 0.0634766 0.0888672 0.718711
0 0.909668 0.98291 0.0673828 0.0341797 0.723652
0 0.315918 0.369141 0.0810547 0.09375 0.73219
0 0.95459 0.806152 0.0791016 0.0771484 0.737645
0 0.803711 0.155762 0.115234 0.0830078 0.74424
0 0.0668945 0.504395 0.131836 0.0947266 0.746255
0 0.336914 0.206543 0.0898438 0.0986328 0.747331
0 0.974121 0.699219 0.0517578 0.0898438 0.754908
0 0.564941 0.0791016 0.0712891 0.0957031 0.763118
0 0.783203 0.253906 0.130859 0.0878906 0.776847
0 0.481445 0.671387 0.0742188 0.0771484 0.777289
0 0.192383 0.078125 0.115234 0.0859375 0.777361
0 0.0585938 0.354004 0.113281 0.0966797 0.794474
0 0.644531 0.479492 0.119141 0.101562 0.794626
