0 0.972656 0.816406 0.0546875 0.210938 0.356814
0 0.0224609 0.114258 0.0429688 0.222656 0.418337
0 0.0371094 0.360352 0.0722656 0.162109 0.42777
0 0.877441 0.737793 0.0830078 0.0771484 0.466894
0 0.843262 0.666016 0.313477 0.134766 0.527167
0 0.0571289 0.0791016 0.0830078 0.150391 0.61653
0 0.0517578 0.56543 0.103516 0.337891 0.649521
0 0.423828 0.45166 0.0859375 0.0712891 0.664549
0 0.53418 0.222168 0.09375 0.0810547 0.691627
0 0.503418 0.606934 0.0751953 0.0771484 0.700477
0 0.444336 0.953613 0.101562 0.0927734 0.700839
0 0.367676 0.519043 0.0791016 0.15332 0.717733
0 0.65332 0.0908203 0.230469 0.126953 0.719236
0 0.675293 0.794434 0.15918 0.102539 0.727388
0 0.910645 0.504883 0.178711 0.154297 0.73855
0 0.927734 0.346191 0.144531 0.139648 0.745031
0 0.916504 0.22168 0.12793 0.0820312 0.748804
0 0.40625 0.193848 0.0996094 0.0947266 0.754742
0 0.182129 0.868652 0.145508 0.0927734 0.758992
0 0.0532227 0.846191 0.0966797 0.100586 0.766381
0 0.821289 0.852051 0.240234 0.118164 0.768658
0 0.640625 0.417969 0.351562 0.115234 0.770739
0 0.0395508 0.939941 0.0791016 0.106445 0.771412
0 0.507812 0.359863 0.142578 0.0947266 0.783325
0 0.491211 0.078125 0.0820312 0.140625 0.792244
0 0.274414 0.700684 0.0957031 0.155273 0.803106
