0 0.244141 0.956055 0.0976562 0.0878906 0.334575
0 0.605469 0.64209 0.109375 0.114258 0.363956
0 0.129883 0.77832 0.115234 0.197266 0.418406
0 0.928711 0.709961 0.119141 0.0957031 0.450912
0 0.337891 0.519531 0.136719 0.123047 0.462376
0 0.71582 0.940918 0.09375 0.0947266 0.486521
0 0.0258789 0.42627 0.0517578 0.116211 0.520686
0 0.693359 0.609863 0.117188 0.0966797 0.567816
0 0.69043 0.803711 0.117188 0.0996094 0.580985
0 0.852051 0.124512 0.102539 0.0810547 0.615789
0 0.290039 0.174805 0.09375 0.115234 0.620479
0 0.669922 0.170898 0.146484 0.160156 0.643276
0 0.388672 0.220703 0.0957031 0.185547 0.656627
0 0.837891 0.790527 0.105469 0.0966797 0.672837
0 0.887695 0.365723 0.126953 0.182617 0.674257
0 0.0708008 0.034668 0.0888672 0.0693359 0.691891
0 0.824707 0.911621 0.133789 0.0966797 0.716895
0 0.584961 0.506348 0.177734 0.110352 0.72732
