0 0.986816 0.538086 0.0263672 0.0839844 0.433126
0 0.344727 0.121582 0.0859375 0.12207 0.560884
0 0.773438 0.411621 0.154297 0.129883 0.566629
0 0.253906 0.595703 0.107422 0.0917969 0.632052
0 0.461426 0.305176 0.124023 0.102539 0.640896
0 0.550781 0.424805 0.0761719 0.0703125 0.641143
0 0.605957 0.632324 0.0869141 0.129883 0.659068
0 0.494629 0.225098 0.118164 0.12207 0.700734
0 0.380371 0.47168 0.174805 0.0898438 0.704187
0 0.0493164 0.447754 0.0986328 0.131836 0.718474
0 0.639648 0.416992 0.103516 0.181641 0.722041
0 0.530762 0.540039 0.147461 0.189453 0.723168
0 0.180176 0.666992 0.0927734 0.121094 0.727067
0 0.92334 0.76416 0.0751953 0.0869141 0.728685
0 0.425781 0.378418 0.152344 0.0986328 0.737218
0 0.64209 0.739746 0.108398 0.133789 0.741223
0 0.352051 0.642578 0.12793 0.0957031 0.748587
0 0.186035 0.138184 0.0888672 0.0927734 0.750728
0 0.0556641 0.771484 0.111328 0.0605469 0.752356
0 0.956055 0.892578 0.0878906 0.199219 0.757573
0 0.0771484 0.645508 0.111328 0.130859 0.775484
0 0.437012 0.861328 0.106445 0.113281 0.78295
0 0.956055 0.259766 0.0878906 0.134766 0.785511
0 0.220215 0.358887 0.139648 0.106445 0.787404
0 0.283691 0.863281 0.112305 0.0957031 0.799563
0 0.820312 0.669922 0.105469 0.107422 0.799723
0 0.193848 0.948242 0.110352 0.103516 0.805401
0 0.663574 0.166992 0.114258 0.134766 0.808774
0 0.0859375 0.0825195 0.142578 0.108398 0.812775
