0 0.295898 0.0205078 0.119141 0.0410156 0.272484
0 0.706543 0.615234 0.118164 0.175781 0.288623
0 0.701172 0.743652 0.0742188 0.108398 0.473165
0 0.232422 0.51123 0.0800781 0.0888672 0.527026
0 0.710449 0.506836 0.110352 0.126953 0.555862
0 0.418945 0.677734 0.09375 0.123047 0.566841
0 0.958008 0.119141 0.078125 0.0996094 0.591637
0 0.334961 0.342285 0.0820312 0.114258 0.599422
0 0.538086 0.813965 0.0917969 0.102539 0.602736
0 0.511719 0.306641 0.103516 0.103516 0.617535
0 0.121582 0.137207 0.163086 0.118164 0.643828
0 0.383301 0.0288086 0.0810547 0.0576172 0.668611
0 0.291504 0.444336 0.100586 0.263672 0.692018
0 0.64502 0.0727539 0.0830078 0.0732422 0.735055
0 0.0317383 0.480469 0.0634766 0.078125 0.747704
0 0.746094 0.852051 0.109375 0.102539 0.770947
0 0.929688 0.364746 0.111328 0.0966797 0.777331
