0 0.351562 0.890137 0.0820312 0.0966797 0.506461
0 0.850098 0.787598 0.108398 0.200195 0.510375
0 0.118652 0.865234 0.125977 0.0722656 0.51896
0 0.506836 0.977051 0.0898438 0.0458984 0.53121
0 0.858398 0.937988 0.119141 0.12207 0.539471
0 0.631348 0.810059 0.0869141 0.129883 0.552244
0 0.143066 0.642578 0.116211 0.0761719 0.561417
0 0.39502 0.555176 0.0947266 0.0791016 0.566605
0 0.612793 0.160156 0.135742 0.177734 0.624148
0 0.379883 0.720703 0.113281 0.150391 0.624834
0 0.229004 0.646484 0.110352 0.1875 0.628708
0 0.289551 0.862793 0.124023 0.0888672 0.669714
0 0.758789 0.804688 0.0820312 0.121094 0.683146
0 0.485352 0.881836 0.0898438 0.113281 0.693453
0 0.604004 0.608887 0.129883 0.178711 0.706325
0 0.733887 0.462891 0.118164 0.160156 0.71656
0 0.641602 0.944824 0.0898438 0.108398 0.73295
0 0.330078 0.0317383 0.0839844 0.0634766 0.734945
0 0.0732422 0.515137 0.101562 0.151367 0.754361
0 0.30127 0.148926 0.147461 0.141602 0.774087
0 0.117676 0.078125 0.110352 0.154297 0.787363
