0 0.973145 0.0219727 0.0537109 0.0439453 0.259403
0 0.606445 0.848633 0.123047 0.115234 0.391499
0 0.790039 0.97998 0.0996094 0.0400391 0.408793
0 0.677246 0.911621 0.0888672 0.151367 0.558265
0 0.566895 0.536621 0.102539 0.0576172 0.575792
0 0.547852 0.324219 0.0898438 0.132812 0.644887
0 0.362305 0.246582 0.105469 0.235352 0.66712
0 0.55127 0.940918 0.194336 0.112305 0.692998
0 0.856445 0.203613 0.0703125 0.124023 0.700459
0 0.813477 0.26416 0.0703125 0.100586 0.715475
0 0.0219727 0.817383 0.0439453 0.078125 0.716337
0 0.207031 0.918457 0.0917969 0.0908203 0.716419
0 0.791992 0.52002 0.125 0.0927734 0.718933
0 0.488281 0.82959 0.0839844 0.0849609 0.721402
0 0.61377 0.0732422 0.0810547 0.0859375 0.725622
0 0.927734 0.231445 0.0917969 0.117188 0.746525
0 0.679199 0.695801 0.0966797 0.0712891 0.749707
0 0.477539 0.149414 0.105469 0.078125 0.762776
0 0.711426 0.194824 0.0869141 0.166992 0.773822
0 0.314941 0.788574 0.116211 0.0791016 0.775305
0 0.486816 0.499023 0.116211 0.113281 0.776944
0 0.622559 0.297852 0.0791016 0.126953 0.778501
0 0.775879 0.734863 0.0830078 0.0849609 0.779212
0 0.112793 0.594238 0.178711 0.108398 0.787587
0 0.0620117 0.916504 0.0810547 0.143555 0.790484
