0 0.752441 0.759766 0.0947266 0.0820312 0.286955
0 0.0112305 0.226074 0.0224609 0.0869141 0.307668
0 0.980957 0.320801 0.0380859 0.0869141 0.365136
0 0.44873 0.257812 0.0986328 0.0859375 0.450598
0 0.323242 0.861328 0.111328 0.0859375 0.490856
0 0.0224609 0.792969 0.0449219 0.0859375 0.558401
0 0.0371094 0.505371 0.0625 0.0751953 0.644264
0 0.818359 0.734863 0.107422 0.112305 0.650496
0 0.0766602 0.369629 0.0927734 0.0712891 0.660014
0 0.0639648 0.673828 0.0830078 0.0703125 0.660121
0 0.341797 0.321289 0.078125 0.0742188 0.678445
0 0.799805 0.0683594 0.105469 0.128906 0.710825
0 0.755859 0.337402 0.117188 0.0966797 0.715584
0 0.967773 0.046875 0.0644531 0.09375 0.716194
0 0.143555 0.86377 0.132812 0.166992 0.730083
0 0.601562 0.89502 0.126953 0.165039 0.734393
0 0.744141 0.501465 0.140625 0.0908203 0.739292
0 0.603027 0.346191 0.112305 0.110352 0.755312
0 0.0732422 0.445801 0.142578 0.100586 0.756547
0 0.524902 0.625977 0.0947266 0.128906 0.761357
0 0.13623 0.665039 0.0810547 0.136719 0.769139
0 0.522461 0.460938 0.121094 0.15625 0.774107
0 0.308105 0.706055 0.0927734 0.154297 0.787483
0 0.637207 0.46582 0.0849609 0.0996094 0.788884
0 0.944824 0.166992 0.108398 0.0957031 0.799436
0 0.40918 0.0473633 0.0800781 0.0947266 0.799833
0 0.834961 0.884277 0.158203 0.15332 0.816893
