0 0.451172 0.818848 0.111328 0.0791016 0.266489
0 0.116699 0.831543 0.0595703 0.0576172 0.323153
0 0.79248 0.629883 0.100586 0.130859 0.36192
0 0.158203 0.633789 0.0703125 0.0761719 0.381494
0 0.264648 0.598145 0.0859375 0.106445 0.407655
0 0.19043 0.278809 0.0820312 0.0908203 0.485216
0 0.300781 0.682617 0.0976562 0.0800781 0.526547
0 0.0317383 0.0356445 0.0615234 0.0634766 0.529846
0 0.437012 0.727539 0.0849609 0.113281 0.576458
0 0.905762 0.693359 0.0908203 0.148438 0.588603
0 0.844727 0.445312 0.0957031 0.0976562 0.591318
0 0.528809 0.82666 0.12207 0.0947266 0.602863
0 0.135742 0.513672 0.136719 0.126953 0.634646
0 0.435059 0.20166 0.0712891 0.0712891 0.637113
0 0.573242 0.435059 0.0742188 0.0947266 0.648321
0 0.488281 0.377441 0.107422 0.174805 0.654838
0 0.692871 0.152832 0.0791016 0.0927734 0.659788
0 0.0327148 0.87207 0.0654297 0.105469 0.663848
0 0.71582 0.615234 0.0820312 0.132812 0.680516
0 0.36377 0.496582 0.147461 0.102539 0.718332
0 0.569824 0.0483398 0.114258 0.0966797 0.718669
0 0.637207 0.751953 0.100586 0.0878906 0.726815
0 0.729492 0.242188 0.111328 0.09375 0.738668
0 0.212402 0.784668 0.161133 0.120117 0.745589
0 0.584473 0.318359 0.108398 0.111328 0.758841
0 0.964355 0.51709 0.0712891 0.168945 0.771492
0 0.275879 0.355957 0.120117 0.106445 0.77506
