0 0.986328 0.504883 0.0253906 0.0800781 0.266629
0 0.179688 0.984863 0.101562 0.0302734 0.309635
0 0.0166016 0.294434 0.0332031 0.0947266 0.356706
0 0.354492 0.984863 0.0761719 0.0302734 0.383186
0 0.271484 0.986328 0.0878906 0.0273438 0.42241
0 0.152344 0.0244141 0.123047 0.0488281 0.467545
0 0.452148 0.502441 0.0644531 0.0791016 0.509296
0 0.981934 0.617188 0.0361328 0.0917969 0.646026
0 0.467773 0.0957031 0.107422 0.0820312 0.681263
0 0.15918 0.0654297 0.0996094 0.078125 0.700308
0 0.814941 0.746094 0.0869141 0.0742188 0.701198
0 0.501465 0.0454102 0.0712891 0.0791016 0.724818
0 0.272461 0.0273438 0.0957031 0.0527344 0.744766
0 0.924316 0.906738 0.0712891 0.0947266 0.75027
0 0.417969 0.817871 0.0761719 0.0888672 0.761449
0 0.0532227 0.03125 0.100586 0.0625 0.762718
0 0.75293 0.193848 0.0820312 0.0908203 0.764915
0 0.484375 0.970215 0.101562 0.0576172 0.769643
0 0.948242 0.793457 0.0839844 0.0849609 0.770662
0 0.159668 0.857422 0.0849609 0.0742188 0.775607
0 0.960449 0.682617 0.0732422 0.0996094 0.778282
0 0.516602 0.389648 0.123047 0.09375 0.793713
0 0.922363 0.0942383 0.114258 0.0888672 0.793835
0 0.0541992 0.925781 0.108398 0.0800781 0.800029
0 0.762207 0.907227 0.0986328 0.0898438 0.800726
0 0.489258 0.547852 0.0800781 0.136719 0.809322
0 0.0439453 0.768555 0.0878906 0.109375 0.815916
0 0.173828 0.609863 0.138672 0.0869141 0.82752
0 0.573242 0.902832 0.0976562 0.114258 0.830354
