0 0.0249023 0.526855 0.0498047 0.0869141 0.278612
0 0.0371094 0.433594 0.0605469 0.0644531 0.426645
0 0.0834961 0.294434 0.0673828 0.0634766 0.445756
0 0.170898 0.612793 0.0761719 0.0654297 0.451995
0 0.412109 0.890137 0.0976562 0.0986328 0.502443
0 0.0209961 0.246582 0.0419922 0.0810547 0.512215
0 0.54541 0.738281 0.108398 0.0800781 0.522
0 0.464355 0.975586 0.0693359 0.0488281 0.526654
0 0.578613 0.764648 0.0888672 0.09375 0.553714
0 0.740723 0.495605 0.0634766 0.0693359 0.568493
0 0.794922 0.977539 0.123047 0.0449219 0.584933
0 0.492676 0.560547 0.0810547 0.0839844 0.587317
0 0.682617 0.105469 0.0859375 0.0722656 0.626192
0 0.14502 0.939453 0.106445 0.0761719 0.642619
0 0.909668 0.979004 0.0810547 0.0419922 0.649107
0 0.703125 0.078125 0.0957031 0.09375 0.649786
0 0.440918 0.539551 0.0810547 0.0888672 0.65554
0 0.143555 0.241699 0.107422 0.0810547 0.69041
0 0.974121 0.689941 0.0517578 0.0791016 0.705598
0 0.0297852 0.957031 0.0595703 0.0839844 0.708686
0 0.0664062 0.49707 0.132812 0.0917969 0.727111
0 0.556152 0.967773 0.129883 0.0644531 0.731127
0 0.408691 0.242188 0.0830078 0.0800781 0.732615
0 0.873535 0.857422 0.0751953 0.0644531 0.73714
0 0.47998 0.672363 0.0693359 0.0771484 0.756621
0 0.562012 0.074707 0.0771484 0.0927734 0.767015
0 0.70166 0.411133 0.108398 0.0761719 0.772705
0 0.645996 0.475586 0.120117 0.09375 0.776453
0 0.333984 0.20459 0.0976562 0.106445 0.780952
0 0.191406 0.0727539 0.113281 0.0849609 0.78309
0 0.314941 0.364746 0.0810547 0.0927734 0.783168
0 0.804688 0.146973 0.123047 0.0908203 0.786431
0 0.0566406 0.349609 0.113281 0.09375 0.790353
0 0.958008 0.798828 0.0820312 0.0761719 0.791732
0 0.785645 0.249023 0.125977 0.0820312 0.808098
0 0.936523 0.586914 0.0820312 0.0859375 0.809516
