0 0.531738 0.382812 0.143555 0.134766 0.257008
0 0.877441 0.739258 0.0771484 0.0742188 0.269312
0 0.0195312 0.751465 0.0390625 0.0966797 0.295653
0 0.55957 0.421875 0.126953 0.0859375 0.301066
0 0.0341797 0.373535 0.0683594 0.161133 0.583063
0 0.839355 0.659668 0.286133 0.114258 0.586272
0 0.42041 0.451172 0.106445 0.078125 0.618267
0 0.505371 0.597656 0.0771484 0.0820312 0.65867
0 0.655273 0.404785 0.283203 0.118164 0.660152
0 0.811035 0.854004 0.245117 0.116211 0.685191
0 0.366699 0.519531 0.0830078 0.140625 0.687323
0 0.528809 0.222656 0.0927734 0.0820312 0.700876
0 0.90625 0.5 0.185547 0.160156 0.70099
0 0.672363 0.797852 0.15918 0.0957031 0.709621
0 0.0483398 0.578613 0.0927734 0.27832 0.734595
0 0.0546875 0.847168 0.0898438 0.0986328 0.748261
0 0.405762 0.189941 0.104492 0.0966797 0.751298
0 0.0395508 0.941895 0.0791016 0.106445 0.760526
0 0.448242 0.956543 0.0898438 0.0869141 0.760564
0 0.50293 0.356445 0.142578 0.0957031 0.761924
0 0.915527 0.213379 0.124023 0.0791016 0.764471
0 0.654297 0.0883789 0.234375 0.124023 0.764789
0 0.182617 0.865723 0.142578 0.0849609 0.769315
0 0.925293 0.34082 0.141602 0.140625 0.776249
0 0.495117 0.0805664 0.0800781 0.135742 0.780777
0 0.0478516 0.0805664 0.09375 0.161133 0.783642
0 0.271484 0.697754 0.0917969 0.149414 0.81689
