0 0.703125 0.140625 0.105469 0.138672 0.281151
0 0.165527 0.940918 0.0654297 0.114258 0.311351
0 0.583984 0.608887 0.09375 0.110352 0.318171
0 0.019043 0.970215 0.0380859 0.0595703 0.352151
0 0.0654297 0.214355 0.078125 0.114258 0.38947
0 0.110352 0.73291 0.078125 0.108398 0.404873
0 0.381348 0.219727 0.0927734 0.160156 0.412923
0 0.449219 0.222168 0.0585938 0.116211 0.422541
0 0.669922 0.712891 0.119141 0.0859375 0.476396
0 0.688965 0.802246 0.110352 0.0830078 0.503748
0 0.541992 0.702148 0.0683594 0.078125 0.551666
0 0.667969 0.163574 0.140625 0.151367 0.561374
0 0.586914 0.500488 0.189453 0.100586 0.58222
0 0.716309 0.944824 0.0849609 0.0751953 0.592056
0 0.0249023 0.422363 0.0498047 0.0966797 0.601773
0 0.685547 0.608887 0.125 0.0966797 0.614266
0 0.32666 0.513184 0.135742 0.118164 0.629468
0 0.916992 0.686035 0.146484 0.100586 0.650774
0 0.854492 0.122559 0.0996094 0.0869141 0.655213
0 0.88916 0.347168 0.129883 0.182617 0.663818
0 0.0600586 0.0307617 0.0986328 0.0615234 0.665602
0 0.836914 0.789062 0.107422 0.0898438 0.666741
0 0.287598 0.172363 0.0888672 0.114258 0.705804
0 0.820801 0.910156 0.135742 0.0898438 0.7282
