0 0.980957 0.520508 0.0380859 0.107422 0.407898
0 0.979492 0.0239258 0.0410156 0.0478516 0.414755
0 0.0571289 0.77002 0.114258 0.0615234 0.491346
0 0.918457 0.763184 0.0673828 0.0908203 0.566632
0 0.605469 0.632812 0.0878906 0.117188 0.597286
0 0.778809 0.422852 0.145508 0.115234 0.62257
0 0.46582 0.299805 0.125 0.0976562 0.625399
0 0.550781 0.421875 0.0800781 0.0644531 0.673208
0 0.179199 0.663086 0.0869141 0.119141 0.680793
0 0.249023 0.587402 0.105469 0.106445 0.707884
0 0.529785 0.54541 0.141602 0.188477 0.707902
0 0.0454102 0.439453 0.0888672 0.111328 0.710064
0 0.643066 0.410645 0.104492 0.166992 0.711739
0 0.495117 0.212402 0.117188 0.118164 0.731184
0 0.19043 0.131836 0.0917969 0.0878906 0.740719
0 0.220215 0.353516 0.137695 0.107422 0.748878
0 0.427734 0.376953 0.152344 0.0878906 0.75179
0 0.349609 0.639648 0.126953 0.0917969 0.77463
0 0.191406 0.946777 0.101562 0.106445 0.782766
0 0.955566 0.888184 0.0869141 0.198242 0.783044
0 0.818359 0.663574 0.103516 0.100586 0.783612
0 0.0854492 0.0776367 0.137695 0.104492 0.788166
0 0.955078 0.260742 0.0878906 0.138672 0.793784
0 0.0786133 0.645508 0.112305 0.126953 0.795891
0 0.378906 0.467773 0.173828 0.0839844 0.797719
0 0.645996 0.737305 0.100586 0.128906 0.80509
0 0.661133 0.164062 0.115234 0.136719 0.806904
0 0.4375 0.855957 0.103516 0.110352 0.810181
0 0.344238 0.111816 0.0869141 0.124023 0.813779
0 0.280762 0.857422 0.108398 0.0917969 0.817437
