0 0.719727 0.628418 0.101562 0.135742 0.308078
0 0.27832 0.397949 0.0859375 0.155273 0.333905
0 0.50293 0.302246 0.103516 0.120117 0.346939
0 0.712402 0.506348 0.104492 0.131836 0.419365
0 0.684082 0.747559 0.0966797 0.110352 0.517333
0 0.119141 0.141113 0.140625 0.112305 0.570223
0 0.330566 0.335449 0.0869141 0.118164 0.582983
0 0.928223 0.362305 0.0986328 0.0820312 0.58669
0 0.646484 0.0708008 0.0839844 0.0712891 0.591528
0 0.034668 0.476562 0.0693359 0.0742188 0.613799
0 0.384277 0.0292969 0.0966797 0.0546875 0.630694
0 0.537109 0.814453 0.09375 0.0976562 0.681992
0 0.742188 0.853516 0.121094 0.0996094 0.730125
