0 0.776855 0.887207 0.0751953 0.0751953 0.262551
0 0.717773 0.114258 0.109375 0.0859375 0.305876
0 0.115723 0.866211 0.124023 0.0644531 0.3115
0 0.887695 0.956543 0.078125 0.0869141 0.315726
0 0.758789 0.805664 0.0917969 0.126953 0.320811
0 0.302734 0.738281 0.0820312 0.0683594 0.325284
0 0.350098 0.598633 0.112305 0.0664062 0.366612
0 0.849609 0.671387 0.0917969 0.135742 0.370899
0 0.506348 0.979004 0.0791016 0.0419922 0.402957
0 0.37207 0.722168 0.113281 0.143555 0.404045
0 0.391602 0.309082 0.0878906 0.114258 0.413625
0 0.631836 0.809082 0.105469 0.124023 0.424022
0 0.35791 0.896484 0.0673828 0.0800781 0.564676
0 0.604492 0.15332 0.128906 0.179688 0.603285
0 0.397461 0.553711 0.0898438 0.0742188 0.623261
0 0.848633 0.786133 0.105469 0.193359 0.669048
0 0.150391 0.640137 0.121094 0.0888672 0.685726
0 0.733887 0.463867 0.110352 0.164062 0.68616
0 0.334473 0.0307617 0.0810547 0.0576172 0.693138
0 0.605957 0.605957 0.133789 0.194336 0.712563
0 0.485352 0.878418 0.0800781 0.0986328 0.7286
0 0.0751953 0.51416 0.101562 0.15332 0.738565
0 0.63916 0.944336 0.0791016 0.109375 0.747374
0 0.304199 0.154297 0.12207 0.128906 0.7523
0 0.287598 0.859375 0.12207 0.0839844 0.774074
0 0.117676 0.074707 0.106445 0.149414 0.815595
