0 0.601074 0.850586 0.114258 0.107422 0.264927
0 0.659668 0.951172 0.0966797 0.0898438 0.266409
0 0.884766 0.222656 0.0917969 0.130859 0.282947
0 0.789551 0.981934 0.0771484 0.0361328 0.287112
0 0.67041 0.888672 0.0908203 0.130859 0.428931
0 0.972168 0.253906 0.0556641 0.0839844 0.445231
0 0.924316 0.230957 0.0908203 0.110352 0.60747
0 0.0219727 0.813477 0.0419922 0.0761719 0.636576
0 0.614746 0.0712891 0.0791016 0.0839844 0.659326
0 0.212402 0.92334 0.0888672 0.0830078 0.67382
0 0.485352 0.831543 0.0742188 0.0751953 0.680206
0 0.566895 0.536621 0.0927734 0.0517578 0.693028
0 0.713867 0.1875 0.0820312 0.146484 0.693962
0 0.680176 0.695801 0.0947266 0.0615234 0.700125
0 0.811523 0.263184 0.0644531 0.102539 0.716958
0 0.786621 0.518066 0.100586 0.0849609 0.719091
0 0.312988 0.788574 0.108398 0.0751953 0.719386
0 0.544922 0.32666 0.0800781 0.129883 0.724301
0 0.85498 0.206543 0.0693359 0.12207 0.734892
0 0.352539 0.259766 0.09375 0.199219 0.739759
0 0.0595703 0.912598 0.0800781 0.147461 0.754692
0 0.481934 0.500488 0.100586 0.0986328 0.755892
0 0.777344 0.736816 0.078125 0.0849609 0.759544
0 0.113281 0.593262 0.171875 0.0986328 0.76883
0 0.621582 0.29834 0.0751953 0.125977 0.779265
0 0.479004 0.147949 0.104492 0.0712891 0.792423
