0 0.929688 0.0795898 0.0664062 0.0478516 0.34013
0 0.981445 0.317871 0.0371094 0.0908203 0.399095
0 0.0180664 0.772949 0.0361328 0.0986328 0.406561
0 0.0361328 0.505371 0.0625 0.0693359 0.505554
0 0.464355 0.277832 0.112305 0.124023 0.627847
0 0.339355 0.318848 0.0927734 0.0791016 0.628078
0 0.317383 0.861328 0.117188 0.0898438 0.657457
0 0.0737305 0.369141 0.0888672 0.0664062 0.675663
0 0.065918 0.671387 0.0830078 0.0732422 0.693326
0 0.795898 0.0673828 0.0976562 0.119141 0.719026
0 0.968262 0.0400391 0.0615234 0.0800781 0.733813
0 0.0712891 0.448242 0.142578 0.0996094 0.742779
0 0.755371 0.333496 0.112305 0.0908203 0.751826
0 0.817871 0.735352 0.104492 0.107422 0.767464
0 0.743164 0.496582 0.132812 0.0927734 0.777214
0 0.598145 0.345215 0.100586 0.102539 0.781192
0 0.140137 0.658691 0.0888672 0.139648 0.782788
0 0.599609 0.890137 0.113281 0.166992 0.784841
0 0.408203 0.0478516 0.0800781 0.0957031 0.78503
0 0.142578 0.862305 0.132812 0.162109 0.787333
0 0.946289 0.157715 0.107422 0.0888672 0.799774
0 0.522461 0.458008 0.113281 0.140625 0.803993
0 0.306641 0.69873 0.0878906 0.151367 0.810135
0 0.834473 0.883301 0.157227 0.161133 0.811869
0 0.52832 0.616211 0.0917969 0.117188 0.823463
0 0.63623 0.455078 0.0849609 0.0976562 0.835802
