0 0.0297852 0.0390625 0.0595703 0.0703125 0.25024
0 0.724609 0.626953 0.0761719 0.125 0.2776
0 0.444824 0.714844 0.0849609 0.101562 0.296137
0 0.844727 0.592773 0.125 0.09375 0.299856
0 0.474121 0.501465 0.0908203 0.0458984 0.355298
0 0.367676 0.682617 0.0673828 0.126953 0.360396
0 0.491699 0.359375 0.0830078 0.123047 0.405244
0 0.477539 0.408691 0.0957031 0.137695 0.410929
0 0.839844 0.441406 0.0859375 0.101562 0.50233
0 0.124023 0.496582 0.125 0.110352 0.535125
0 0.260254 0.600098 0.0751953 0.0927734 0.555886
0 0.532227 0.830566 0.119141 0.0888672 0.568165
0 0.296387 0.679199 0.0947266 0.0712891 0.616484
0 0.436035 0.20166 0.0673828 0.0595703 0.631719
0 0.573242 0.434082 0.0664062 0.0927734 0.633291
0 0.214844 0.791016 0.164062 0.119141 0.656311
0 0.635742 0.749512 0.0996094 0.0791016 0.656526
0 0.558105 0.0478516 0.106445 0.0898438 0.662302
0 0.0317383 0.876465 0.0615234 0.110352 0.66375
0 0.689453 0.148926 0.0859375 0.0927734 0.684943
0 0.186035 0.283691 0.0751953 0.0849609 0.700772
0 0.905273 0.688965 0.0839844 0.149414 0.701631
0 0.581055 0.320312 0.103516 0.103516 0.709875
0 0.27832 0.348633 0.119141 0.09375 0.721604
0 0.959473 0.506348 0.0791016 0.176758 0.748863
0 0.729004 0.242188 0.102539 0.0839844 0.751612
0 0.359375 0.493164 0.15625 0.0976562 0.762177
